0000000000000000000000000000000000000000000000000000000000000000000000000000000000000000000000000000000000000000
0000000000000000000000000000000000000000000000000000000000000000000000000000000000000000000000000000000000000000
0000000000000000000000000000000000000000000000000000000000000000000000000000000000000000000000000000000000000000
0000000000000000000000000000000000000000000000000000000000000000000000000000000000000000000000000000000000000000
0000000000000000000000000000000000000000000000000000000000000000000000000000000000000000000000000000000000000000
0000000000000000000000000000000000000000000000000000000000000000000000000000000000000000000000000000000000000000
0000000000000000000000000000000000000000000000000000000000000000000000000000000000000000000000000000000000000000
0000000000000000000000000000000000000000000000000000000000000000000000000000000000000000000000000000000000000000
0000000000000000000000000000000000000000000000000000000000000000000000000000000000000000000000000000000000000000
0000000000000000000000000000000000000000000000000000000000000000000000000000000000000000000000000000000000000000
0000000000000000000000000000000000000000000000000000000000000000000000000000000000000000000000000000000000000000
0000000000000000000000000000000000000000000000000000000000000000000000000000000000000000000000000000000000000000
0000000000000000000011111111111111111111111111111111111111111111111111111111111111111111100010110000000000000000
0000000000000000000011111111111111111111111111111111111111111111111111111111111111111111111010100000000000000000
0000000000000000000011111111111111111111111111111111111111111111111111111111111111111111111100100000000000000000
0000000000000000000011111111111111111111111111111111111111111111111111111111111111111111111111110000000000000000
0000000000000000111111111111111111111111111111111111111111111111111111111111111111111111111111100101000000000000
0000000000000000111111111111111111111111111111111111111111111111111111111111111111111111111111111101000000000000
0000000000000000111111111111111111111111111111111111111111111111111111111111111111111111111111111011000000000000
0000000000000000111111111111111111111111111111111111111111111111111111111111111111111111111111111111000000000000
0000000000001111111111111111111111111111111111111111111111111111111111111111111111111111111111111100000000000000
0000000000000111111111111111111111111111111111111111111111111111111111111111111111111111111111111111000000000000
0000000000001111111111111111111111111111111111111111111111111111111111111111111111111111111111111111000000000000
0000000000001111111111111111111111111111111111111111111111111111111111111111111111111111111111111111000000000000
0000000000001111111111111111111100000000000000000000000000000000000000000000000000111111111111111111010100000000
0000000000001111111111111111111100000000000000000000000000000000000000000000000011001111111111111111100100000000
0000000000001111111111111111110100000000000000000000000000000000000000000000000001111101111111111111101000000000
0000000000001111111111111111101000000000000000000000000000000000000000000000000011001111111111111111111100000000
0000000011111111111111111111000000000000000000000000000000000000000000000000000011100000111111111111100000000000
0000000011111111111111111011000000000000000000000000000000000000000000000000000000010000011111111111110011110000
0000000011111111111111111011000000000000000000000000000000000000000000000000000000110000011111111111111000000000
0000000011111111111111111111000000000000000000000000000000000000000000000000000001111111111111111111111111110000
0000000011111111111111111000000000000000000000001000000101011111000000000000000011111111111111111111111111110000
0000000011111111111111111000000000000000000000000110100111111101000000000000000010111111111111111111111111110000
0000000011111111111111111000000000000000000000001100011111101100000000000000000011011111111111111111111111110000
0000000011111111111111111000000000000000000000000111111111111100000000000000000010111111111111111111111111110000
0000000000111111111111111000000000000000000010001111111111111111101100000000000000001111111111111111111110110000
0000000000111111111111111000000000000000000011111111111111111111100100000000000000001011111111111111111111010000
0000000000111111111111111000000000000000000010111111111111111111100000000000000000001101111111111111111111010000
0000000000111111111111111000000000000000000011011111111111111111111000000000000000000011111111111111111110110000
0000000000011111111111111100000000000000000011111111111111111111111000000000000000000000011111111111111100000000
0000000000011111111111111100000000000000000010111111111101111111111000000000000000000000011111111111101100000000
0000000000011111111111111100000000000000000010111111111111011111111000000000000000000000011111111111011000000000
0000000000011111111111111100000000000000000000111111101110001111111000000000000000000000110111111111111100000000
0000000000001111111111110000000000000000000011111111111111101111111000000000000000000000000011111111000000000000
0000000000000001111100000000000000000000000011111111111000111111111000000000000000000000000011111101000000000000
0000000000000000000000000000000000000000000011111111110010111111111000000000000000000000000000111111000000000000
0000000000000000111111110000000000000000000010111111111110111111111100000000000000000000000000011111000000000000
0000000000001101110000000000000011110000000010111111111111111111111011000000000000000000000010100000000000000000
0000000000001010111000000000000011011111111111111111111111111111111111111111111111111111111111110000000000000000
0000000000001111111100000000000011011111111111111111111111111111111111111111111111111111111111110000000000000000
0000000000000111111100000000000000011111111111111111111111111111111111111111111111111111111111110000000000000000
0000000011111111111111000000000011111111111111111111111111111111000011111111111111111111111111110000000000000000
0000000011001111111111000000000011011111111111111111111111111111000011111111111111111111111111110000000000000000
0000000010111111111111110000000010011111111111111111111111111111000011111111111111111111111111110000000000000000
0000000010111111111111110000000000011111111111111111111111111111000011111111111111111111111111110000000000000000
0000101110111111111111111011000000001111111111111111111111111100000011010000000000000000000011100000000000000000
0000011111111111111111111110000000000000000000000000101111111100000010110000000000000000000011010000000000000000
0000110111111111111111111111000000001111111111110000001111111110000011111111111111111111111111110000000000000000
0000111111111111111111111111000000000000000000000000011111111010000011111111111111111111111111110000000000000000
0000111111111111111111111111100100000000000000000000111111111101000011111111111111111111111111110000000000000000
0000111111111111111111111111110100000000000000000000011111111101000011111111111111111111111111110000000000000000
0000111111111111111111111111110000000000000000000000111111111011000011111111111111111111111111110000000000000000
0000111111111111111111111111111100000000000000000000111111110110000011111111111111111111111111110000000000000000
0000111111111111111111101111111100000000000000001101111111110000000011111111111111111111111111100000000000000000
0000000011011111111111100000100000000000000000001111111111110000000011111111111111111111111111110000000000000000
0000000000011111111111100000000000000000000000001111111111110000000000000000000000101111111111110000000000000000
0000000000011111111111100000100000000000000000001111111111110000000001110000000000111111111110010000000000000000
0000000000011111111111100000000000001100110111111111111111100000000010101100111111111111111111000000000000000000
0000000000011111111111100000000000000000110011111111111111100000000011110100111111111111111110000000000000000000
0000000000011111111111100000000000111000111111111111111101010000000011101001111111111111111100010000000000000000
0000000000011111111111100000000001111111111111111111111101110000000011111111111111111111111100110000000000000000
0000000000011111111111100000000000011111111111111111111000000000000011111111111111111111111100000000000000000000
0000000000011111111111100000000000011111111111111111111100000000000011111111111111111111111100000000000000000000
0000000000011111111111100000000000011111111111111111100100000000000011111111111111111111111100000000000000000000
0000000000011111111111100000000000011111111111111011111000000000000011111111111111101101111100000000000000000000
0000000000011111111111100000000001011111111111110000000000000000000011111111111100000000111000000000110000000000
0000000000011111111111100000000000011111111001110000000000000000000011111111100000000000111111111111100000000000
0000000000011111111111100000000000010011101100000000000000000000000010010001001100000000111111111111100000000000
0000000000011111111111100000000011101011111110000000000000000000000000110000111100000000111111111111110100000000
0000000000111111111111100000000000000000000000000000000000000000000000000000000000000000111111111111100100000000
0000000001011111111111100000000000000000000000000000000000000000000000000000000000000000111111111111101000000000
0000000000011111111111100000000000000000000000000000000000000000000000000000000000000000111111111111101000000000
0000000010011111111111110000000000000000000000000000000000000000000000000000000000000000111111111111111100000000
0000000011111111111111111011000000000000000000000000000000000000000000000000000000001111111111111111100100000000
0000000011111111111111111011000000000000000000000000000000000000000000000000000000001111111111111111111100000000
0000000011111111111111111000000000000000000000000000000000000000000000000000000000001011111111111111010100000000
0000000011111111111111111111000000000000000000000000000000000000000000000000000000001111111111111111010100000000
0000000000000111111111111111111111111111111111111111111111111111111111111111111111111111111111111111000000000000
0000000000000111111111111111111111111111111111111111111111111111111111111111111111111111111111111111000000000000
0000000000000111111111111111111111111111111111111111111111111111111111111111111111111111111111111111000000000000
0000000000000011111111111111111111111111111111111111111111111111111111111111111111111111111111111111000000000000
0000000000001011111111111111111111111111111111111111111111111111111111111111111111111111111111111111000000000000
0000000000001001111111111111111111111111111111111111111111111111111111111111111111111111111111111001000000000000
0000000000000010111111111111111111111111111111111111111111111111111111111111111111111111111111111101000000000000
0000000000001101011111111111111111111111111111111111111111111111111111111111111111111111111111110001000000000000
0000000000000000101111111111111111111111111111111111111111111111111111111111111111111111111111110000000000000000
0000000000000000110111111111111111111111111111111111111111111111111111111111111111111111111101110000000000000000
0000000000000000101111111111111111111111111111111111111111111111111111111111111111111111111111100000000000000000
0000000000000000101011001111111111111111111111111111111111111111111111111111111111111111111011010000000000000000
0000000000000000000000001111111111111111111111111111111111111111111111111111111111111110000000000000000000000000
0000000000000000000000001111000111111111111111111111111111111111111111111111111100011100000000000000000000000000
0000000000000000000000001111000100000000000000000000000000000000000000000000000010110000000000000000000000000000
0000000000000000000000001111000011111111111111111111111111111111111111111111111101000000000000000000000000000000
0000000000000000000000000000000000000000000000000000000000000000000000000000000000000000000000000000000000000000
0000000000000000000000000000000000000000000000000000000000000000000000000000000000000000000000000000000000000000
0000000000000000000000000000000000000000000000000000000000000000000000000000000000000000000000000000000000000000
0000000000000000000000000000000000000000000000000000000000000000000000000000000000000000000000000000000000000000
0000000000000000000000000000000000000000000000000000000000000000000000000000000000000000000000000000000000000000
0000000000000000000000000000000000000000000000000000000000000000000000000000000000000000000000000000000000000000
0000000000000000000000000000000000000000000000000000000000000000000000000000000000000000000000000000000000000000
0000000000000000000000000000000000000000000000000000000000000000000000000000000000000000000000000000000000000000
